20
0.00 1.52 0.89 1.07 1.05 1.40 1.37 0.94 1.57 1.22 0.67 0.56 1.04 0.90 1.11 0.87 1.33 0.94 0.51 1.11
1.52 0.00 1.28 0.98 1.35 0.43 0.63 1.16 0.21 0.49 1.30 1.61 0.46 1.21 0.71 1.36 1.07 1.13 1.26 0.47
0.89 1.28 0.00 1.22 0.77 1.11 1.43 0.34 1.54 1.31 0.41 0.76 0.98 1.44 1.11 0.90 0.67 1.43 0.82 1.40
1.07 0.98 1.22 0.00 1.43 1.14 0.92 0.70 0.99 0.39 1.52 1.52 1.19 0.54 0.92 0.93 1.06 0.62 1.32 0.85
1.05 1.35 0.77 1.43 0.00 1.16 1.06 1.15 1.13 1.32 0.97 0.59 1.25 0.89 0.99 0.85 0.95 1.25 0.88 1.14
1.40 0.43 1.11 1.14 1.16 0.00 1.12 1.01 0.74 0.87 1.27 0.91 0.84 1.69 1.16 1.48 1.03 1.70 1.31 0.43
1.37 0.63 1.43 0.92 1.06 1.12 0.00 1.53 0.59 0.75 0.95 1.51 1.19 0.59 0.74 1.39 0.54 0.37 1.33 0.80
0.94 1.16 0.34 0.70 1.15 1.01 1.53 0.00 1.52 0.70 1.00 1.19 1.11 1.44 0.89 0.50 0.92 1.36 0.62 1.51
1.57 0.21 1.54 0.99 1.13 0.74 0.59 1.52 0.00 0.71 1.45 1.50 0.45 0.75 0.72 1.23 1.21 0.83 1.36 0.49
1.22 0.49 1.31 0.39 1.32 0.87 0.75 0.70 0.71 0.00 1.56 1.82 0.86 0.91 0.76 0.83 1.28 0.91 1.01 0.89
0.67 1.30 0.41 1.52 0.97 1.27 0.95 1.00 1.45 1.56 0.00 0.63 0.91 1.23 1.37 1.27 0.65 1.00 0.95 1.25
0.56 1.61 0.76 1.52 0.59 0.91 1.51 1.19 1.50 1.82 0.63 0.00 1.18 1.24 1.47 1.18 1.05 1.42 0.95 0.95
1.04 0.46 0.98 1.19 1.25 0.84 1.19 1.11 0.45 0.86 0.91 1.18 0.00 1.12 1.22 1.12 1.60 1.23 1.14 0.70
0.90 1.21 1.44 0.54 0.89 1.69 0.59 1.44 0.75 0.91 1.23 1.24 1.12 0.00 0.83 0.92 1.09 0.19 1.22 0.92
1.11 0.71 1.11 0.92 0.99 1.16 0.74 0.89 0.72 0.76 1.37 1.47 1.22 0.83 0.00 0.64 0.69 0.70 0.50 1.19
0.87 1.36 0.90 0.93 0.85 1.48 1.39 0.50 1.23 0.83 1.27 1.18 1.12 0.92 0.64 0.00 1.25 0.90 0.27 1.81
1.33 1.07 0.67 1.06 0.95 1.03 0.54 0.92 1.21 1.28 0.65 1.05 1.60 1.09 0.69 1.25 0.00 0.79 1.11 1.19
0.94 1.13 1.43 0.62 1.25 1.70 0.37 1.36 0.83 0.91 1.00 1.42 1.23 0.19 0.70 0.90 0.79 0.00 1.05 1.17
0.51 1.26 0.82 1.32 0.88 1.31 1.33 0.62 1.36 1.01 0.95 0.95 1.14 1.22 0.50 0.27 1.11 1.05 0.00 1.66
1.11 0.47 1.40 0.85 1.14 0.43 0.80 1.51 0.49 0.89 1.25 0.95 0.70 0.92 1.19 1.81 1.19 1.17 1.66 0.00
